0 32
1 32
2 32
3 32
4 32
5 32
6 32
7 32
8 32
9 32
10 32
11 32
12 32
13 32
14 32
15 32
16 32
17 32
18 32
19 32
20 32
21 32
22 32
23 32
24 32
25 32
26 32
27 96
28 96
29 96
30 96
31 96
32 46
33 46
34 46
35 46
36 45
37 45
38 45
39 45
40 45
41 39
42 39
43 39
44 39
45 39
46 95
47 95
48 95
49 95
50 95
51 95
52 95
53 95
54 95
55 44
56 44
57 44
58 44
59 44
60 44
61 44
62 44
63 44
64 58
65 58
66 58
67 58
68 58
69 58
70 58
71 58
72 58
73 34
74 34
75 34
76 34
77 126
78 126
79 126
80 126
81 126
82 126
83 126
84 126
85 126
86 126
87 59
88 59
89 59
90 59
91 94
92 94
93 94
94 94
95 94
96 94
97 94
98 94
99 94
100 114
101 114
102 114
103 114
104 114
105 114
106 114
107 114
108 114
109 62
110 62
111 62
112 62
113 62
114 63
115 63
116 63
117 63
118 122
119 122
120 122
121 122
122 122
123 118
124 118
125 118
126 118
127 118
128 116
129 116
130 116
131 116
132 124
133 124
134 124
135 124
136 124
137 102
138 102
139 102
140 102
141 115
142 115
143 115
144 115
145 115
146 106
147 106
148 106
149 106
150 125
151 125
152 125
153 125
154 125
155 121
156 121
157 121
158 121
159 97
160 97
161 97
162 97
163 97
164 86
165 86
166 86
167 86
168 83
169 83
170 83
171 83
172 83
173 100
174 100
175 100
176 100
177 100
178 88
179 88
180 88
181 88
182 113
183 113
184 113
185 113
186 113
187 107
188 107
189 107
190 107
191 98
192 98
193 98
194 98
195 98
196 75
197 75
198 75
199 75
200 103
201 103
202 103
203 103
204 103
205 56
206 56
207 56
208 56
209 82
210 82
211 82
212 82
213 82
214 87
215 87
216 87
217 87
218 87
219 66
220 66
221 66
222 66
223 66
224 66
225 66
226 66
227 66
228 81
229 81
230 81
231 81
232 81
233 81
234 81
235 81
236 81
237 81
238 81
239 81
240 81
241 81
242 81
243 81
244 81
245 81
246 81
247 81
248 81
249 81
250 81
251 81
252 81
253 81
254 81
255 64
